training dataset:
   (0, 14887)	0.016797806021219684
  (0, 29022)	0.1348710554299733
  (0, 8696)	0.314400065528974
  (0, 4017)	0.12491817585060791
  (0, 33256)	0.11819702490105698
  (0, 21661)	0.1962279892331408
  (0, 9031)	0.3841803935867984
  (0, 31077)	0.016797806021219684
  (0, 9805)	0.21567205914741705
  (0, 17366)	0.0744441018788533
  (0, 32493)	0.07283773941616518
  (0, 16916)	0.17358472047671197
  (0, 19780)	0.24645540709354397
  (0, 17302)	0.18626015109199115
  (0, 23122)	0.036374916362300114
  (0, 25663)	0.034290706362898604
  (0, 16881)	0.0360441471878483
  (0, 16082)	0.11382738609462074
  (0, 23915)	0.017762318563562172
  (0, 32142)	0.08865416253721688
  (0, 33597)	0.06567578043186388
  (0, 20253)	0.016864892977128034
  (0, 587)	0.05966162012870271
  (0, 12051)	0.037793189755988436
  (0, 5201)	0.04316199700711876
  :	:
  (0, 25361)	0.11947938145690981
  (0, 25337)	0.04935883383975408
  (0, 12833)	0.125601499991304
  (0, 5195)	0.0310951485922154
  (0, 27836)	0.06899050810672397
  (0, 18474)	0.019964881751854364
  (0, 32270)	0.023871142738151236
  (0, 9932)	0.06350565647195339
  (0, 15837)	0.05417404179868691
  (0, 32135)	0.04910237380446671
  (0, 17556)	0.01894546434959984
  (0, 4378)	0.0686611288079694
  (0, 26175)	0.08497460943470851
  (0, 9338)	0.049671845493333165
  (0, 33572)	0.09313007554599557
  (0, 31915)	0.08631915131162177
  (0, 177)	0.25612026239119895
  (0, 2326)	0.24645540709354397
  (0, 3062)	0.10783602957370853
  (0, 35416)	0.1348710554299733
  (0, 20459)	0.10960585507802437
  (0, 14085)	0.06666452137859726
  (0, 3166)	0.1348710554299733
  (0, 12541)	0.1348710554299733
  (0, 230)	0.1348710554299733
Accuracy : 
0.8348868175765646
Classification Report : 
                        precision    recall  f1-score   support

           alt.atheism       0.97      0.60      0.74       319
         comp.graphics       0.96      0.89      0.92       389
               sci.med       0.97      0.81      0.88       396
soc.religion.christian       0.65      0.99      0.78       398

           avg / total       0.88      0.83      0.84      1502

Confusion Matrix : 
[[192   2   6 119]
 [  2 347   4  36]
 [  2  11 322  61]
 [  2   2   1 393]]
